username
teramonagi
yusmi
ockeghem
tghgworks_krsy
bd_gfngfn
hyotang666
muuumin20
ranoiaru
sunoru_sidw
yefancreation
mat_der_d
_sasuseso
usaginobike
ryotakimura
kuroclef
dsuke_kato
rf0444
akhdhys
sughimsi
antimon2
lirimydh
plutojl
nikaidooooooooo
infinity_topoi
ultimatile
demarco_bot_jp
konolv1
saba1024
1oyxi
shg
fusianasummer
ly____________s
ryotakameoka
bobtakumi
ktydrcb
fukusanity
vimtry
wkbme
himarimochimoon
omarupolka
nixos_org
sakuramt6
mahoisono
disk_kat
tenyou108
kaihiraishi
hat0mugi1
houshoumarine
kogad_
tsunomakiwatame
suisei_hosimati
kiryucoco
amanekanatach
akaihaato
iamyunomi
manjarolinux
master79296147
sammy_suyama
uneedtv
bicycle1885
ceptree
physics303
triwave33
shuukyoudanntai
kb_satou
lugendre
viva84821000
muripo_life
sing_sign_lie
mtw1shsp8
elmweekly
shitaranana
logics_of_blue
ff_un1
hiki_neet_p
juliacomputing
juliabloggers
stefankarpinski
jeffbezanson
lily0727k
yokoemon2112
officiallogank
mada_tetsukazu
nurajirou
kaz343434
rmk_rafall_its
suzu_3_14159265
takaxp
tkezaki
erfgauss
spacemacs
projectjupyter
coronasha
zinbunkenbot
juliaconorg
julialanguage
tanakatamaka840
cristoforou
coelacanthshop
strange_lessons
utotch
akatsukiuni
bouzesadibey
numpy_team
choboraunyopomi
y047aka
skgroup1104
arowm_
sasasin_net
cubbit2
nomorepython
nori3tsu
suin
makach_menha
jun_networks_jp
ushiroassa
azusa_banjo
arr_pub
gleenotop
sandmarkm
ncaq
tanakahisateru
abap34
satoru_takeuchi
sakenoate
modjapan_saigai
kdwkshh
btreetaiji
lotz84_
hennin_ltn
high_gene
mattn_jp
izumi000
huusen_uri
inuningen
ezoeryou
comic_checker
sagikaos
fabcrossjp
shima__shima
kotobanoriaki
_itoyoshi
_okunin
kamen_no_ero
0918nobita
hellmayuge
nakatayumi_info
nakatananikki
myao_s_moking
priordist
ukg41270430
m_foucault_jp
lpi_japan
leadergpu
komi_edtr_1230
bot99795157
dowmansayman
kikumaco
kamo_hiroyasu
irobutsu
hal_tasaki
oic_oniku
chomado
fermatslibrary
shogoshibahara
cometscome_phys
mathsorcerer
hshimodaira
motcho_tw
sakamotomusicst
hazakura
nagatoro_koyori
dangmill_11
ryonsuke181
st_daikokuten
ippatu358
nekoantarctica
kanijin358
days_4_nothing
tanimikitakane
fumiaki_taka
yoshihama_t
fumetsunoanatae
anenarumono
asadoriq
nibobot
tanosensei
prolog_chan
takaoozaki
manabuueno
m1kuzu
kamen_no_hito
kurumayoi
ayataka_nomono
comori_uta
satsuki_katze
uszksr
machi8mura
yukkuri495
konnyaksankaku
nekomath271828
hsv_000
im_weltkriege
chucchundari
b_rochefoucauld
msoffice_love
jagarikin
h_okumura
gotoh_510r
koshian
2332leafy
firstforest
lalansane
u_s_o
catlesstail
snowtimeglass
surusumi123
baka_man_
eman1972
keyneqq
sabaaa_m
momoco_haru
sukeinsla
daigakubutsuri
daigakusuugaku
tsuyomiyakawa
b_u_t_t
sho_lwlw
hermitage_bio
bashi_hgm
bbcworld
yobinori
classics_jp
t_sirks
kurumin25
ytb_at_twt
appmarkelabo
shiro_saijo
eeeeekyu1
yochibis
jespa_ort
mk22_th
nekocat510
wtgjmemw
todesking
hiwataririn
bolero_murakami
twremcat
sasaqwertyuiop
mu0283
tmaita77
sasakialexander
genkuroki
a_akiphone
nabenolast
nattogohan_suki
oecdtokyo
nekotou
genya0407
chikuwa_univ
kankimura
chutoislam
tamai1961
mitchara
hidepoin
eirri
levinassien
masanorinaito
vr_girl_noracat
kemomimi_oukoku
zeug_iror
siroyoutuber
aichan_nel
_kaguyaluna
miraiakari_prj
mujiha1
kobashowww
podoron
mono_stellar
gttn_chameleon
alkali_acid
stattan
ayeyarwady1024
suppasan
deutschrussisch
oratffff
akihiro_koyama
tsuji6mon15
siiteiebahiro
cdp2017
seihinop
noricoco
raurublock
miyoconte
schnee_choir
eraitencho
nonbeepanda
kamee_f
madoroh
nilered2
akakura1341
hassankonakata
korewotabenasai
201yos1
100legs_np
neetbuddhist
chilledtub
mei_tokuta
mkdyr
yoshiyuki51
scp_newsleak
uran120
fav_tiger
tubfav_tiger
0vu0c
ys_gpcr
nypolyphony
owen_katari
rori_guez
operametti
ample_acer
tokyo2020jp
kyotobukai
ganrim_
deadend_nrc
chikuwadaifuku
nanairomijin
orcsan_garaku
kentarofukuchi
gosyokuoo
osaka_seventeen
math_gif
newgasyoujouhou
kurubushi_rm
snow_und_raua
catnavidesk
taigi_go_bot
medaka0308
kushii2nd
8d7bdf3fa7384d3
machi_heigh_ho
neichiru
yooochika
karann1924
hahaguma
afpbbcom
bbcnewsjapan
naturedigest
niwa_yasu
combinir
hazuma
kgneissr
dr_yandel
jacobs_bot
drownbelowcliff
wattson496
yanadgt
udonkimuchikaki
sada0906sk
pentaxxx
naturejapan
nikkeiscience
chor_akademie
nobuyamamasu
dennou_kurage
box1a10
sagioka
pnyan5_shinchu
kousi3gokushi
378nochi398
moeeeeeq
glee_ku
fe_skt97
kurokawa_t
s_i_s_i_n
quro030221
kyoshou_
ryouchida_riris
tarareba722
cnn_co_jp
iima_hiroaki
f_sei
utk_bot
drnyal
kushiihanebutti
imisbot
jewish_proverb
latin_bot
to___q
wasei0225
yutakenta64
yagijukichi
almi_can
213819946
whale137kjr
rocalmike
yoshimichi_bot
chichikakako5
mai_ne_
yukichildpsy
jishin_dema
kunio_yb
ataw__ikuy
kinki_univ
traastraas
bakibakitimtim
ongr_krkr
y_n_p_o
yuugurecredo
m_f_3_v
kusaikabe
nullnullbot
coppe71
retro_m
946_quo
muchi_munou
yuki___wata
pro_kaeru
maucha_
kodaly_bot
celibidachebot
lorraine_alsace
tomato44aki
sonzaix
maatyrahmen
medianox
silver0715
mmm_mori
rokai_
frank_fukahire
meujibag
megane_seller
5utk55
u1hm
ic_9
pocketyanyan
average33
pappaka_pappaka
asy301
gane731
yuunoza
yasai1026
gakeshita2nd
blauebaum
kokoichi7
r_rmnc
aayh
average35
dd____________d
umautk
yuki__wata
ghbs25
betanawa
rndomhack
haruibas
kokoichi8
muramura800
riwau
yakitori48
parachikun
owen08531
elixir_a
k_g_c_sb_a
pon7802
kaisen_546
dressy___
